   2.7764450e-02   1.6028165e-02  -1.5957268e-06  -2.6969537e-07
   8.3250539e-02   1.6003450e-02  -4.7847200e-06  -2.6927952e-07
   1.3860826e-01   1.5954060e-02  -7.9663354e-06  -2.6844846e-07
   1.9375226e-01   1.5880070e-02  -1.1135667e-05  -2.6720347e-07
   2.4859751e-01   1.5781593e-02  -1.4287829e-05  -2.6554647e-07
   3.0305944e-01   1.5658783e-02  -1.7417960e-05  -2.6348002e-07
   3.5705407e-01   1.5511828e-02  -2.0521233e-05  -2.6100731e-07
   4.1049815e-01   1.5340954e-02  -2.3592865e-05  -2.5813214e-07
   4.6330927e-01   1.5146426e-02  -2.6628117e-05  -2.5485894e-07
   5.1540600e-01   1.4928544e-02  -2.9622311e-05  -2.5119278e-07
   5.6670802e-01   1.4687643e-02  -3.2570830e-05  -2.4713929e-07
   6.1713621e-01   1.4424094e-02  -3.5469127e-05  -2.4270473e-07
   6.6661282e-01   1.4138305e-02  -3.8312733e-05  -2.3789594e-07
   7.1506157e-01   1.3830715e-02  -4.1097264e-05  -2.3272033e-07
   7.6240774e-01   1.3501799e-02  -4.3818425e-05  -2.2718588e-07
   8.0857833e-01   1.3152065e-02  -4.6472022e-05  -2.2130113e-07
   8.5350215e-01   1.2782051e-02  -4.9053962e-05  -2.1507515e-07
   8.9710994e-01   1.2392328e-02  -5.1560265e-05  -2.0851753e-07
   9.3933445e-01   1.1983496e-02  -5.3987065e-05  -2.0163840e-07
   9.8011057e-01   1.1556188e-02  -5.6330621e-05  -1.9444836e-07
   1.0193754e+00   1.1111060e-02  -5.8587320e-05  -1.8695849e-07
   1.0570685e+00   1.0648800e-02  -6.0753681e-05  -1.7918035e-07
   1.0931316e+00   1.0170120e-02  -6.2826364e-05  -1.7112592e-07
   1.1275092e+00   9.6757591e-03  -6.4802174e-05  -1.6280763e-07
   1.1601483e+00   9.1664785e-03  -6.6678063e-05  -1.5423830e-07
   1.1909985e+00   8.6430638e-03  -6.8451140e-05  -1.4543114e-07
   1.2200123e+00   8.1063222e-03  -7.0118670e-05  -1.3639974e-07
   1.2471449e+00   7.5570812e-03  -7.1678082e-05  -1.2715803e-07
   1.2723545e+00   6.9961877e-03  -7.3126972e-05  -1.1772024e-07
   1.2956022e+00   6.4245067e-03  -7.4463105e-05  -1.0810094e-07
   1.3168522e+00   5.8429195e-03  -7.5684421e-05  -9.8314957e-08
   1.3360717e+00   5.2523229e-03  -7.6789038e-05  -8.8377378e-08
   1.3532310e+00   4.6536276e-03  -7.7775251e-05  -7.8303527e-08
   1.3683038e+00   4.0477568e-03  -7.8641541e-05  -6.8108938e-08
   1.3812668e+00   3.4356446e-03  -7.9386571e-05  -5.7809330e-08
   1.3921000e+00   2.8182350e-03  -8.0009193e-05  -4.7420584e-08
   1.4007866e+00   2.1964798e-03  -8.0508446e-05  -3.6958718e-08
   1.4073133e+00   1.5713378e-03  -8.0883561e-05  -2.6439865e-08
   1.4116701e+00   9.4377285e-04  -8.1133960e-05  -1.5880244e-08
   1.4138501e+00   3.1475273e-04  -8.1259255e-05  -5.2961369e-09
   1.4138501e+00  -3.1475273e-04  -8.1259255e-05   5.2961369e-09
   1.4116701e+00  -9.4377285e-04  -8.1133960e-05   1.5880244e-08
   1.4073133e+00  -1.5713378e-03  -8.0883561e-05   2.6439865e-08
   1.4007866e+00  -2.1964798e-03  -8.0508446e-05   3.6958718e-08
   1.3921000e+00  -2.8182350e-03  -8.0009193e-05   4.7420583e-08
   1.3812668e+00  -3.4356446e-03  -7.9386571e-05   5.7809330e-08
   1.3683038e+00  -4.0477568e-03  -7.8641541e-05   6.8108938e-08
   1.3532310e+00  -4.6536276e-03  -7.7775251e-05   7.8303527e-08
   1.3360717e+00  -5.2523229e-03  -7.6789038e-05   8.8377378e-08
   1.3168522e+00  -5.8429195e-03  -7.5684421e-05   9.8314957e-08
   1.2956022e+00  -6.4245067e-03  -7.4463105e-05   1.0810094e-07
   1.2723545e+00  -6.9961877e-03  -7.3126972e-05   1.1772024e-07
   1.2471449e+00  -7.5570812e-03  -7.1678082e-05   1.2715803e-07
   1.2200123e+00  -8.1063222e-03  -7.0118670e-05   1.3639974e-07
   1.1909985e+00  -8.6430638e-03  -6.8451140e-05   1.4543114e-07
   1.1601483e+00  -9.1664785e-03  -6.6678063e-05   1.5423830e-07
   1.1275092e+00  -9.6757591e-03  -6.4802174e-05   1.6280763e-07
   1.0931316e+00  -1.0170120e-02  -6.2826364e-05   1.7112592e-07
   1.0570685e+00  -1.0648800e-02  -6.0753681e-05   1.7918035e-07
   1.0193754e+00  -1.1111060e-02  -5.8587320e-05   1.8695849e-07
   9.8011057e-01  -1.1556188e-02  -5.6330621e-05   1.9444836e-07
   9.3933445e-01  -1.1983496e-02  -5.3987065e-05   2.0163840e-07
   8.9710994e-01  -1.2392328e-02  -5.1560265e-05   2.0851753e-07
   8.5350215e-01  -1.2782051e-02  -4.9053962e-05   2.1507515e-07
   8.0857833e-01  -1.3152065e-02  -4.6472022e-05   2.2130113e-07
   7.6240774e-01  -1.3501799e-02  -4.3818425e-05   2.2718588e-07
   7.1506157e-01  -1.3830715e-02  -4.1097264e-05   2.3272033e-07
   6.6661282e-01  -1.4138305e-02  -3.8312733e-05   2.3789594e-07
   6.1713621e-01  -1.4424094e-02  -3.5469127e-05   2.4270473e-07
   5.6670802e-01  -1.4687643e-02  -3.2570830e-05   2.4713929e-07
   5.1540600e-01  -1.4928544e-02  -2.9622311e-05   2.5119278e-07
   4.6330927e-01  -1.5146426e-02  -2.6628117e-05   2.5485894e-07
   4.1049815e-01  -1.5340954e-02  -2.3592865e-05   2.5813214e-07
   3.5705407e-01  -1.5511828e-02  -2.0521233e-05   2.6100731e-07
   3.0305944e-01  -1.5658783e-02  -1.7417960e-05   2.6348002e-07
   2.4859751e-01  -1.5781593e-02  -1.4287829e-05   2.6554647e-07
   1.9375226e-01  -1.5880070e-02  -1.1135667e-05   2.6720347e-07
   1.3860826e-01  -1.5954060e-02  -7.9663354e-06   2.6844846e-07
   8.3250539e-02  -1.6003450e-02  -4.7847200e-06   2.6927952e-07
   2.7764450e-02  -1.6028165e-02  -1.5957268e-06   2.6969537e-07
  -2.7764450e-02  -1.6028165e-02   1.5957268e-06   2.6969537e-07
  -8.3250539e-02  -1.6003450e-02   4.7847200e-06   2.6927952e-07
  -1.3860826e-01  -1.5954060e-02   7.9663354e-06   2.6844846e-07
  -1.9375226e-01  -1.5880070e-02   1.1135667e-05   2.6720347e-07
  -2.4859751e-01  -1.5781593e-02   1.4287829e-05   2.6554647e-07
  -3.0305944e-01  -1.5658783e-02   1.7417960e-05   2.6348002e-07
  -3.5705407e-01  -1.5511828e-02   2.0521233e-05   2.6100731e-07
  -4.1049815e-01  -1.5340954e-02   2.3592865e-05   2.5813214e-07
  -4.6330927e-01  -1.5146426e-02   2.6628117e-05   2.5485894e-07
  -5.1540600e-01  -1.4928544e-02   2.9622311e-05   2.5119278e-07
  -5.6670802e-01  -1.4687643e-02   3.2570830e-05   2.4713929e-07
  -6.1713621e-01  -1.4424094e-02   3.5469127e-05   2.4270473e-07
  -6.6661282e-01  -1.4138305e-02   3.8312733e-05   2.3789594e-07
  -7.1506157e-01  -1.3830715e-02   4.1097264e-05   2.3272033e-07
  -7.6240774e-01  -1.3501799e-02   4.3818425e-05   2.2718588e-07
  -8.0857833e-01  -1.3152065e-02   4.6472022e-05   2.2130113e-07
  -8.5350215e-01  -1.2782051e-02   4.9053962e-05   2.1507515e-07
  -8.9710994e-01  -1.2392328e-02   5.1560265e-05   2.0851753e-07
  -9.3933445e-01  -1.1983496e-02   5.3987065e-05   2.0163840e-07
  -9.8011057e-01  -1.1556188e-02   5.6330621e-05   1.9444836e-07
  -1.0193754e+00  -1.1111060e-02   5.8587320e-05   1.8695849e-07
  -1.0570685e+00  -1.0648800e-02   6.0753681e-05   1.7918035e-07
  -1.0931316e+00  -1.0170120e-02   6.2826364e-05   1.7112592e-07
  -1.1275092e+00  -9.6757591e-03   6.4802174e-05   1.6280763e-07
  -1.1601483e+00  -9.1664785e-03   6.6678063e-05   1.5423830e-07
  -1.1909985e+00  -8.6430638e-03   6.8451140e-05   1.4543114e-07
  -1.2200123e+00  -8.1063222e-03   7.0118670e-05   1.3639974e-07
  -1.2471449e+00  -7.5570812e-03   7.1678082e-05   1.2715803e-07
  -1.2723545e+00  -6.9961877e-03   7.3126972e-05   1.1772024e-07
  -1.2956022e+00  -6.4245067e-03   7.4463105e-05   1.0810094e-07
  -1.3168522e+00  -5.8429195e-03   7.5684421e-05   9.8314958e-08
  -1.3360717e+00  -5.2523229e-03   7.6789038e-05   8.8377378e-08
  -1.3532310e+00  -4.6536276e-03   7.7775251e-05   7.8303527e-08
  -1.3683038e+00  -4.0477568e-03   7.8641541e-05   6.8108938e-08
  -1.3812668e+00  -3.4356446e-03   7.9386571e-05   5.7809330e-08
  -1.3921000e+00  -2.8182350e-03   8.0009193e-05   4.7420583e-08
  -1.4007866e+00  -2.1964798e-03   8.0508446e-05   3.6958718e-08
  -1.4073133e+00  -1.5713378e-03   8.0883561e-05   2.6439865e-08
  -1.4116701e+00  -9.4377285e-04   8.1133960e-05   1.5880244e-08
  -1.4138501e+00  -3.1475273e-04   8.1259255e-05   5.2961369e-09
  -1.4138501e+00   3.1475273e-04   8.1259255e-05  -5.2961369e-09
  -1.4116701e+00   9.4377285e-04   8.1133960e-05  -1.5880244e-08
  -1.4073133e+00   1.5713378e-03   8.0883561e-05  -2.6439865e-08
  -1.4007866e+00   2.1964798e-03   8.0508446e-05  -3.6958718e-08
  -1.3921000e+00   2.8182350e-03   8.0009193e-05  -4.7420584e-08
  -1.3812668e+00   3.4356446e-03   7.9386571e-05  -5.7809330e-08
  -1.3683038e+00   4.0477568e-03   7.8641541e-05  -6.8108938e-08
  -1.3532310e+00   4.6536276e-03   7.7775251e-05  -7.8303527e-08
  -1.3360717e+00   5.2523229e-03   7.6789038e-05  -8.8377378e-08
  -1.3168522e+00   5.8429195e-03   7.5684421e-05  -9.8314957e-08
  -1.2956022e+00   6.4245067e-03   7.4463105e-05  -1.0810094e-07
  -1.2723545e+00   6.9961877e-03   7.3126972e-05  -1.1772024e-07
  -1.2471449e+00   7.5570812e-03   7.1678082e-05  -1.2715803e-07
  -1.2200123e+00   8.1063222e-03   7.0118670e-05  -1.3639974e-07
  -1.1909985e+00   8.6430638e-03   6.8451140e-05  -1.4543114e-07
  -1.1601483e+00   9.1664785e-03   6.6678063e-05  -1.5423830e-07
  -1.1275092e+00   9.6757591e-03   6.4802174e-05  -1.6280763e-07
  -1.0931316e+00   1.0170120e-02   6.2826364e-05  -1.7112592e-07
  -1.0570685e+00   1.0648800e-02   6.0753681e-05  -1.7918035e-07
  -1.0193754e+00   1.1111060e-02   5.8587320e-05  -1.8695849e-07
  -9.8011057e-01   1.1556188e-02   5.6330621e-05  -1.9444836e-07
  -9.3933445e-01   1.1983496e-02   5.3987065e-05  -2.0163840e-07
  -8.9710994e-01   1.2392328e-02   5.1560265e-05  -2.0851753e-07
  -8.5350215e-01   1.2782051e-02   4.9053962e-05  -2.1507515e-07
  -8.0857833e-01   1.3152065e-02   4.6472022e-05  -2.2130113e-07
  -7.6240774e-01   1.3501799e-02   4.3818425e-05  -2.2718588e-07
  -7.1506157e-01   1.3830715e-02   4.1097264e-05  -2.3272033e-07
  -6.6661282e-01   1.4138305e-02   3.8312733e-05  -2.3789594e-07
  -6.1713621e-01   1.4424094e-02   3.5469127e-05  -2.4270473e-07
  -5.6670802e-01   1.4687643e-02   3.2570830e-05  -2.4713929e-07
  -5.1540600e-01   1.4928544e-02   2.9622311e-05  -2.5119278e-07
  -4.6330927e-01   1.5146426e-02   2.6628117e-05  -2.5485894e-07
  -4.1049815e-01   1.5340954e-02   2.3592865e-05  -2.5813214e-07
  -3.5705407e-01   1.5511828e-02   2.0521233e-05  -2.6100731e-07
  -3.0305944e-01   1.5658783e-02   1.7417960e-05  -2.6348002e-07
  -2.4859751e-01   1.5781593e-02   1.4287829e-05  -2.6554647e-07
  -1.9375226e-01   1.5880070e-02   1.1135667e-05  -2.6720347e-07
  -1.3860826e-01   1.5954060e-02   7.9663354e-06  -2.6844846e-07
  -8.3250539e-02   1.6003450e-02   4.7847200e-06  -2.6927952e-07
  -2.7764450e-02   1.6028165e-02   1.5957268e-06  -2.6969537e-07
